3,2
10,227
10,315
10,109
10,233
10,143
10,93
8,12
8,9
8,13
8,17
8,7
8,2
54,3
54,2
54,1
54,0
52,3
52,2
52,1
20,3
20,2
20,1
19,3
19,2
19,1
12,3
12,2
12,1
11,30
11,29
11,28
11,27
11,26
11,25
11,24
11,23
11,22
11,21
11,20
11,19
11,18
11,17
11,16
11,15
11,14
11,13
11,12
11,11
11,10
11,9
11,8
11,7
11,6
11,5
11,4
11,3
11,2
11,1
10,312
10,311
10,309
10,308
10,307
10,306
10,305
10,304
10,299
10,295
10,291
10,282
10,269
10,265
18,1
10,259
18,3
10,251
10,249
10,245
14,1
10,241
14,3
13,1
10,238
13,3
10,232
10,230
10,225
10,221
10,219
10,207
10,203
10,199
10,196
10,171
10,115
10,83
